15 14 13 12 11 10 9 8 7 6 5 4 3 1 2 0 
15 14 13 12 11 10 9 8 7 6 5 0 3 1 2 4 
15 14 13 12 11 10 9 8 7 6 0 5 3 1 2 4 
15 14 13 12 11 10 0 8 7 6 9 5 3 1 2 4 
15 14 0 12 11 10 13 8 7 6 9 5 3 1 2 4 
15 0 14 12 11 10 13 8 7 6 9 5 3 1 2 4 
0 15 14 12 11 10 13 8 7 6 9 5 3 1 2 4 
11 15 14 12 0 10 13 8 7 6 9 5 3 1 2 4 
11 15 14 12 7 10 13 8 0 6 9 5 3 1 2 4 
11 15 14 12 7 10 13 8 3 6 9 5 0 1 2 4 
11 15 14 12 7 10 13 8 3 6 9 5 1 0 2 4 
11 15 14 12 7 10 13 8 3 0 9 5 1 6 2 4 
11 15 14 12 7 0 13 8 3 10 9 5 1 6 2 4 
11 15 14 12 0 7 13 8 3 10 9 5 1 6 2 4 
11 15 14 12 3 7 13 8 0 10 9 5 1 6 2 4 
11 15 14 12 3 7 13 8 1 10 9 5 0 6 2 4 
11 15 14 12 3 7 13 8 1 10 9 5 6 0 2 4 
11 15 14 12 3 7 13 8 1 0 9 5 6 10 2 4 
11 15 14 12 3 0 13 8 1 7 9 5 6 10 2 4 
11 0 14 12 3 15 13 8 1 7 9 5 6 10 2 4 
0 11 14 12 3 15 13 8 1 7 9 5 6 10 2 4 
3 11 14 12 0 15 13 8 1 7 9 5 6 10 2 4 
3 11 14 12 1 15 13 8 0 7 9 5 6 10 2 4 
3 11 14 12 1 15 13 8 6 7 9 5 0 10 2 4 
3 11 14 12 1 15 13 8 6 7 9 5 10 0 2 4 
3 11 14 12 1 15 13 8 6 0 9 5 10 7 2 4 
3 11 14 12 1 0 13 8 6 15 9 5 10 7 2 4 
3 0 14 12 1 11 13 8 6 15 9 5 10 7 2 4 
3 14 0 12 1 11 13 8 6 15 9 5 10 7 2 4 
3 14 12 0 1 11 13 8 6 15 9 5 10 7 2 4 
3 14 12 8 1 11 13 0 6 15 9 5 10 7 2 4 
3 14 12 8 1 11 13 5 6 15 9 0 10 7 2 4 
3 14 12 8 1 11 13 5 6 15 9 4 10 7 2 0 
3 14 12 8 1 11 13 5 6 15 9 4 10 7 0 2 
3 14 12 8 1 11 13 5 6 15 0 4 10 7 9 2 
3 14 12 8 1 11 13 5 6 0 15 4 10 7 9 2 
3 14 12 8 1 0 13 5 6 11 15 4 10 7 9 2 
3 14 12 8 1 13 0 5 6 11 15 4 10 7 9 2 
3 14 0 8 1 13 12 5 6 11 15 4 10 7 9 2 
3 0 14 8 1 13 12 5 6 11 15 4 10 7 9 2 
0 3 14 8 1 13 12 5 6 11 15 4 10 7 9 2 
1 3 14 8 0 13 12 5 6 11 15 4 10 7 9 2 
1 3 14 8 13 0 12 5 6 11 15 4 10 7 9 2 
1 3 14 8 13 11 12 5 6 0 15 4 10 7 9 2 
1 3 14 8 13 11 12 5 6 7 15 4 10 0 9 2 
1 3 14 8 13 11 12 5 6 7 15 4 10 9 0 2 
1 3 14 8 13 11 12 5 6 7 0 4 10 9 15 2 
1 3 14 8 13 11 0 5 6 7 12 4 10 9 15 2 
1 3 0 8 13 11 14 5 6 7 12 4 10 9 15 2 
1 3 8 0 13 11 14 5 6 7 12 4 10 9 15 2 
1 3 8 5 13 11 14 0 6 7 12 4 10 9 15 2 
1 3 8 5 13 11 14 4 6 7 12 0 10 9 15 2 
1 3 8 5 13 11 14 4 6 7 0 12 10 9 15 2 
1 3 8 5 13 11 0 4 6 7 14 12 10 9 15 2 
1 3 0 5 13 11 8 4 6 7 14 12 10 9 15 2 
1 3 5 0 13 11 8 4 6 7 14 12 10 9 15 2 
1 3 5 4 13 11 8 0 6 7 14 12 10 9 15 2 
1 3 5 4 13 11 8 12 6 7 14 0 10 9 15 2 
1 3 5 4 13 11 8 12 6 7 14 2 10 9 15 0 
1 3 5 4 13 11 8 12 6 7 14 2 10 9 0 15 
1 3 5 4 13 11 8 12 6 7 0 2 10 9 14 15 
1 3 5 4 13 11 8 12 6 7 2 0 10 9 14 15 
1 3 5 4 13 11 8 0 6 7 2 12 10 9 14 15 
1 3 5 4 13 11 0 8 6 7 2 12 10 9 14 15 
1 3 5 4 13 11 2 8 6 7 0 12 10 9 14 15 
1 3 5 4 13 11 2 8 6 0 7 12 10 9 14 15 
1 3 5 4 13 0 2 8 6 11 7 12 10 9 14 15 
1 3 5 4 13 2 0 8 6 11 7 12 10 9 14 15 
1 3 0 4 13 2 5 8 6 11 7 12 10 9 14 15 
1 0 3 4 13 2 5 8 6 11 7 12 10 9 14 15 
1 2 3 4 13 0 5 8 6 11 7 12 10 9 14 15 
1 2 3 4 13 5 0 8 6 11 7 12 10 9 14 15 
1 2 3 4 13 5 7 8 6 11 0 12 10 9 14 15 
1 2 3 4 13 5 7 8 6 0 11 12 10 9 14 15 
1 2 3 4 13 5 7 8 0 6 11 12 10 9 14 15 
1 2 3 4 0 5 7 8 13 6 11 12 10 9 14 15 
1 2 3 4 5 0 7 8 13 6 11 12 10 9 14 15 
1 2 3 4 5 6 7 8 13 0 11 12 10 9 14 15 
1 2 3 4 5 6 7 8 13 9 11 12 10 0 14 15 
1 2 3 4 5 6 7 8 13 9 11 12 0 10 14 15 
1 2 3 4 5 6 7 8 0 9 11 12 13 10 14 15 
1 2 3 4 5 6 7 8 9 0 11 12 13 10 14 15 
1 2 3 4 5 6 7 8 9 10 11 12 13 0 14 15 
1 2 3 4 5 6 7 8 9 10 11 12 13 14 0 15 
1 2 3 4 5 6 7 8 9 10 11 12 13 14 15 0 

