4 6 15 13 12 9 10 2 8 0 7 3 14 5 1 11 
4 6 15 13 12 0 10 2 8 9 7 3 14 5 1 11 
4 6 15 13 0 12 10 2 8 9 7 3 14 5 1 11 
0 6 15 13 4 12 10 2 8 9 7 3 14 5 1 11 
6 0 15 13 4 12 10 2 8 9 7 3 14 5 1 11 
6 12 15 13 4 0 10 2 8 9 7 3 14 5 1 11 
6 12 15 13 4 10 0 2 8 9 7 3 14 5 1 11 
6 12 0 13 4 10 15 2 8 9 7 3 14 5 1 11 
6 12 13 0 4 10 15 2 8 9 7 3 14 5 1 11 
6 12 13 2 4 10 15 0 8 9 7 3 14 5 1 11 
6 12 13 2 4 10 15 3 8 9 7 0 14 5 1 11 
6 12 13 2 4 10 15 3 8 9 0 7 14 5 1 11 
6 12 13 2 4 10 0 3 8 9 15 7 14 5 1 11 
6 12 0 2 4 10 13 3 8 9 15 7 14 5 1 11 
6 0 12 2 4 10 13 3 8 9 15 7 14 5 1 11 
6 10 12 2 4 0 13 3 8 9 15 7 14 5 1 11 
6 10 12 2 4 13 0 3 8 9 15 7 14 5 1 11 
6 10 0 2 4 13 12 3 8 9 15 7 14 5 1 11 
6 10 2 0 4 13 12 3 8 9 15 7 14 5 1 11 
6 10 2 3 4 13 12 0 8 9 15 7 14 5 1 11 
6 10 2 3 4 13 12 7 8 9 15 0 14 5 1 11 
6 10 2 3 4 13 12 7 8 9 0 15 14 5 1 11 
6 10 2 3 4 13 12 7 8 0 9 15 14 5 1 11 
6 10 2 3 4 0 12 7 8 13 9 15 14 5 1 11 
6 10 2 3 0 4 12 7 8 13 9 15 14 5 1 11 
6 10 2 3 8 4 12 7 0 13 9 15 14 5 1 11 
6 10 2 3 8 4 12 7 13 0 9 15 14 5 1 11 
6 10 2 3 8 4 12 7 13 5 9 15 14 0 1 11 
6 10 2 3 8 4 12 7 13 5 9 15 14 1 0 11 
6 10 2 3 8 4 12 7 13 5 9 15 14 1 11 0 
6 10 2 3 8 4 12 7 13 5 9 0 14 1 11 15 
6 10 2 3 8 4 12 0 13 5 9 7 14 1 11 15 
6 10 2 3 8 4 0 12 13 5 9 7 14 1 11 15 
6 10 2 3 8 0 4 12 13 5 9 7 14 1 11 15 
6 10 2 3 8 5 4 12 13 0 9 7 14 1 11 15 
6 10 2 3 8 5 4 12 13 1 9 7 14 0 11 15 
6 10 2 3 8 5 4 12 13 1 9 7 0 14 11 15 
6 10 2 3 8 5 4 12 0 1 9 7 13 14 11 15 
6 10 2 3 8 5 4 12 1 0 9 7 13 14 11 15 
6 10 2 3 8 0 4 12 1 5 9 7 13 14 11 15 
6 10 2 3 0 8 4 12 1 5 9 7 13 14 11 15 
6 10 2 3 1 8 4 12 0 5 9 7 13 14 11 15 
6 10 2 3 1 8 4 12 5 0 9 7 13 14 11 15 
6 10 2 3 1 8 4 12 5 9 0 7 13 14 11 15 
6 10 2 3 1 8 4 12 5 9 7 0 13 14 11 15 
6 10 2 3 1 8 4 0 5 9 7 12 13 14 11 15 
6 10 2 3 1 8 0 4 5 9 7 12 13 14 11 15 
6 10 2 3 1 0 8 4 5 9 7 12 13 14 11 15 
6 0 2 3 1 10 8 4 5 9 7 12 13 14 11 15 
0 6 2 3 1 10 8 4 5 9 7 12 13 14 11 15 
1 6 2 3 0 10 8 4 5 9 7 12 13 14 11 15 
1 6 2 3 5 10 8 4 0 9 7 12 13 14 11 15 
1 6 2 3 5 10 8 4 9 0 7 12 13 14 11 15 
1 6 2 3 5 0 8 4 9 10 7 12 13 14 11 15 
1 0 2 3 5 6 8 4 9 10 7 12 13 14 11 15 
1 2 0 3 5 6 8 4 9 10 7 12 13 14 11 15 
1 2 3 0 5 6 8 4 9 10 7 12 13 14 11 15 
1 2 3 4 5 6 8 0 9 10 7 12 13 14 11 15 
1 2 3 4 5 6 0 8 9 10 7 12 13 14 11 15 
1 2 3 4 5 6 7 8 9 10 0 12 13 14 11 15 
1 2 3 4 5 6 7 8 9 10 11 12 13 14 0 15 
1 2 3 4 5 6 7 8 9 10 11 12 13 14 15 0 

