4.091294
4.019403
3.776631
3.704068
3.969908
4.284571
3.630833
4.018731
3.558942
3.994992
4.333394
3.824782
3.922429
3.437556
4.648058
4.453436
4.042471
3.582009
4.140117
3.824782
4.116378
4.018731
4.188269
4.212680
3.776631
3.898017
4.406630
4.041798
4.308311
3.994992
4.067555
4.479192
3.872933
3.534531
4.115706
3.994319
3.802387
3.485707
3.994319
4.018059
3.922429
4.018059
3.679656
4.236420
4.043143
6.007046
5.425199
5.934483
4.772133
5.619820
4.844023
5.303812
4.165874
5.692383
4.383562
4.360495
4.989149
5.281417
5.207510
4.722637
5.740534
4.698225
4.965410
5.475367
5.498434
5.667971
5.910744
5.764946
5.110535
4.892847
4.747721
4.747721
4.965410
5.159359
4.504276
4.988477
5.740534
5.547929
4.698225
4.723309
4.698898
5.183098
4.989821
4.287260
4.771461
4.795200
4.819612
5.304485
4.335411
4.844023
